1

1

3054

1

2

3054

1

3

3054

3

1

3054

3

2

3054

3

5

3054

3

6

3054

4

1

3054

4

2

3054

5

1

3054

5

2

3054

5

3

3054

5

4

3054

6

1

3054

6

3

3054

6

14

3054

6

15

3054

6

19

3054

6

24

3054

6

25

3054

6

43

3054

6

46

3054

6

70

3054

7

1

3054

8

1

3054

8

3

3054

8

4

3054

8

14

3054

9

4

3054

9

8

3054

10

1

3054

10

3

3054

10

4

3054

10

10

3054

10

15

3054

11

1

3054

12

1

3054

12

5

3054

13

1

3054

13

2

3054

13

5

3054

13

8

3054

13

13

3054

14

1

3054

14

2

3054

14

4

3054

14

7

3054

15

1

3054

15

2

3054

15

5

3054

16

1

3054

16

3

3054

17

1

3054

17

2

3054

17

3

3054

18

1

3054

19

1

3054

19

3

3054

20

1

3054

21

1

3054

21

2

3054

21

4

3054

21

5

3054

21

7

3054

21

9

3054

21

10

3054

22

1

3054

22

2

3054

22

3

3054

22

4

3054

22

5

3054

22

7

3054

22

8

3054

22

9

3054

22

10

3054

22

12

3054

22

14

3054

22

15

3054

22

17

3054

22

22

3054

22

30

3054

23

1

3054

23

2

3054

23

3

3054

23

4

3054

23

5

3054

23

6

3054

23

7

3054

23

10

3054

23

11

3054

23

12

3054

23

17

3054

23

20

3054

23

31

3054

23

32

3054

23

79

3054

24

1

3054

24

2

3054

24

3

3054

24

10

3054

25

1

3054

25

2

3054

25

3

3054

25

4

3054

25

6

3054

25

10

3054

26

1

3054

26

3

3054

26

4

3054

26

5

3054

27

1

3054

27

2

3054

27

5

3054

27

10

3054

27

12

3054

28

2

3054

28

4

3054

28

5

3054

28

7

3054

28

13

3054

28

15

3054

30

1

3054

30

3

3054

30

11

3054

31

1

3054

31

2

3054

31

3

3054

31

6

3054

31

8

3054

31

12

3054

32

1

3054

33

5

3054

35

4

3054

35

6

3054

35

8

3054

35

9

3054

35

22

3054

36

1

3054

36

4

3054

36

5

3054

36

11

3054

36

12

3054

36

13

3054

36

27

3054

36

60

3054

37

1

3054

38

1

3054

38

2

3054

38

6

3054

38

7

3054

38

9

3054

38

10

3054

38

11

3054

38

19

3054

38

20

3054

38

28

3054

38

33

3054

39

1

3054

40

1

3054

40

2

3054

40

3

3054

40

6

3054

41

1

3054

41

7

3054

42

1

3054

42

4

3054

44

1

3054

44

3

3054

45

1

3054

45

2

3054

45

8

3054

45

11

3054

45

12

3054

45

13

3054

46

1

3054

46

2

3054

46

4

3054

46

7

3054

46

14

3054

47

1

3054

47

3

3054

47

4

3054

47

5

3054

47

7

3054

48

1

3054

49

1

3054

49

2

3054

49

3

3054

49

4

3054

49

5

3054

49

6

3054

49

7

3054

50

1

3054

50

2

3054

50

3

3054

51

1

3054

51

2

3054

51

4

3054

51

7

3054

51

14

3054

51

18

3054

51

20

3054

52

4

3054

54

1

3054

54

2

3054

54

4

3054

54

5

3054

54

6

3054

54

7

3054

54

8

3054

54

9

3054

54

10

3054

54

12

3054

54

13

3054

55

1

3054

56

1

3054

56

2

3054

57

1

3054

57

2

3054

57

5

3054

57

12

3054

58

2

3054

58

5

3054

59

1

3054

59

2

3054

59

5

3054

59

7

3054

59

10

3054

59

27

3054

60

1

3054

60

2

3054

60

3

3054

60

7

3054

60

9

3054

62

1

3054

63

1

3054

63

4

3054

63

9

3054

63

11

3054

63

13

3054

64

1

3054

64

2

3054

64

3

3054

64

5

3054

64

6

3054

64

7

3054

64

9

3054

64

11

3054

64

12

3054

64

13

3054

64

18

3054

64

19

3054

64

20

3054

64

23

3054

64

24

3054

64

25

3054

64

27

3054

64

33

3054

64

36

3054

64

50

3054

64

76

3054

64

113

3054

65

1

3054

65

2

3054

65

3

3054

65

4

3054

65

5

3054

66

1

3054

66

2

3054

66

3

3054

66

4

3054

66

5

3054

66

11

3054

66

13

3054

66

14

3054

66

15

3054

66

22

3054

66

23

3054

66

28

3054

66

30

3054

66

33

3054

67

1

3054

67

3

3054

67

4

3054

67

7

3054

67

11

3054

67

22

3054

67

34

3054

67

66

3054

67

77

3054

68

1

3054

69

5

3054

69

8

3054

70

1

3054

71

1

3054

71

2

3054

71

12

3054

72

1

3054

72

3

3054

73

1

3054

73

3

3054

78

1

3054

78

10

3054

79

1

3054

79

5

3054

79

6

3054

79

42

3054

82

1

3054

83

1

3054

83

2

3054

84

1

3054

84

2

3054

84

3

3054

84

5

3054

84

7

3054

84

11

3054

86

1

3054

88

1

3054

89

1

3054

89

2

3054

90

1

3054

90

2

3054

91

1

3054

91

2

3054

91

3

3054

91

4

3054

91

6

3054

91

7

3054

91

9

3054

91

11

3054

91

12

3054

91

16

3054

92

1

3054

92

2

3054

92

5

3054

92

6

3054

92

13

3054

92

18

3054

93

1

3054

93

2

3054

93

4

3054

94

1

3054

94

4

3054

94

5

3054

94

9

3054

94

10

3054

95

1

3054

95

13

3054

95

21

3054

96

1

3054

96

3

3054

96

5

3054

96

15

3054

96

17

3054

96

18

3054

96

27

3054

96

28

3054

97

2

3054

97

4

3054

97

7

3054

97

13

3054

97

14

3054

97

18

3054

97

33

3054

98

1

3054

98

3

3054

98

4

3054

98

5

3054

98

7

3054

98

11

3054

98

25

3054

98

27

3054

98

43

3054

98

50

3054

99

1

3054

99

2

3054

99

4

3054

99

6

3054

99

8

3054

99

13

3054

101

1

3054

101

4

3054

101

13

3054

101

15

3054

101

18

3054

102

2

3054

102

3

3054

103

1

3054

103

2

3054

104

1

3054

104

6

3054

104

17

3054

105

1

3054

105

2

3054

105

3

3054

105

5

3054

105

7

3054

105

8

3054

105

37

3054

106

1

3054

106

3

3054

107

1

3054

108

1

3054

108

3

3054

108

4

3054

108

9

3054

108

16

3054

109

1

3054

109

4

3054

109

7

3054

109

8

3054

109

14

3054

112

1

3054

112

2

3054

112

5

3054

113

1

3054

113

2

3054

113

3

3054

113

5

3054

113

6

3054

113

8

3054

113

12

3054

114

1

3054

114

2

3054

115

3

3054

115

5

3054

115

10

3054

173

460

3054

